ISS (ZARYA)
1 25544U 98067A   24001.50000000  .00001234  00000-0  27416-4 0  9990
2 25544  51.6416  29.0903 0003456  85.1234 274.9999 15.49568876440123
NOAA 19
1 33591U 09005A   24001.50000000  .00000023  00000-0  30842-4 0  9993
2 33591  99.1881 147.9624 0013832 272.9204  86.9997 14.12195467766985
GOES 16
1 41866U 16071A   24001.50000000 -.00000296  00000-0  00000-0 0  9991
2 41866   0.0520  93.4621 0001073 325.2834 203.3174  1.00271497 26655
STARLINK-1007
1 44691U 19074B   24001.50000000  .00001428  00000-0  10285-3 0  9993
2 44691  53.0539 285.5813 0001447  78.2349 281.8797 15.06391108234521
COSMOS 2251 DEB
1 33002U 93036RU  24001.50000000  .00001200  00000-0  12345-3 0  9998
2 33002  74.0335  35.4521 0074123 157.1234 203.5678 14.98765432123456
